<!DOCTYPE html>
<html lang="en">
<head>
<meta charset="UTF-8">
<meta name="viewport" content="width=device-width, initial-scale=1.0">
<title>NeuroGraph Embedding Visualization — Qwen3-Embedding-8B</title>
<script src="https://cdn.plot.ly/plotly-2.27.0.min.js"></script>
<style>
  @import url('https://fonts.googleapis.com/css2?family=Inter:wght@300;400;500;600;700;800&display=swap');

  * { margin: 0; padding: 0; box-sizing: border-box; }

  body {
    font-family: 'Inter', sans-serif;
    background: #0a0a1a;
    color: #e0e1dd;
    min-height: 100vh;
    overflow-x: hidden;
  }

  .hero {
    background: linear-gradient(135deg, #0d1b2e 0%, #1a0a2e 40%, #0a1628 100%);
    padding: 48px 32px 32px;
    text-align: center;
    border-bottom: 1px solid rgba(0, 245, 212, 0.15);
    position: relative;
    overflow: hidden;
  }

  .hero::before {
    content: '';
    position: absolute;
    top: -50%;
    left: -50%;
    width: 200%;
    height: 200%;
    background: radial-gradient(ellipse at 30% 50%, rgba(0, 245, 212, 0.04) 0%, transparent 50%),
                radial-gradient(ellipse at 70% 50%, rgba(120, 80, 255, 0.04) 0%, transparent 50%);
    animation: aurora 15s ease-in-out infinite;
  }

  @keyframes aurora {
    0%, 100% { transform: translate(0, 0) rotate(0deg); }
    33% { transform: translate(2%, -1%) rotate(1deg); }
    66% { transform: translate(-1%, 1%) rotate(-0.5deg); }
  }

  .hero h1 {
    font-size: 2.5rem;
    font-weight: 800;
    background: linear-gradient(135deg, #00f5d4, #7b68ee, #00f5d4);
    background-size: 200% 200%;
    -webkit-background-clip: text;
    -webkit-text-fill-color: transparent;
    animation: gradient-shift 4s ease infinite;
    position: relative;
    z-index: 1;
  }

  @keyframes gradient-shift {
    0%, 100% { background-position: 0% 50%; }
    50% { background-position: 100% 50%; }
  }

  .hero .subtitle {
    color: #778da9;
    font-size: 1.05rem;
    margin-top: 8px;
    font-weight: 400;
    position: relative;
    z-index: 1;
  }

  .hero .model-badge {
    display: inline-flex;
    align-items: center;
    gap: 8px;
    margin-top: 16px;
    padding: 8px 20px;
    background: rgba(0, 245, 212, 0.08);
    border: 1px solid rgba(0, 245, 212, 0.25);
    border-radius: 100px;
    font-size: 0.85rem;
    font-weight: 500;
    color: #00f5d4;
    position: relative;
    z-index: 1;
  }

  .stats-bar {
    display: grid;
    grid-template-columns: repeat(auto-fit, minmax(170px, 1fr));
    gap: 16px;
    padding: 24px 32px;
    max-width: 1400px;
    margin: 0 auto;
  }

  .stat-card {
    background: linear-gradient(145deg, rgba(255,255,255,0.03), rgba(255,255,255,0.01));
    border: 1px solid rgba(255,255,255,0.06);
    border-radius: 16px;
    padding: 20px;
    text-align: center;
    transition: all 0.3s ease;
  }

  .stat-card:hover {
    border-color: rgba(0, 245, 212, 0.3);
    transform: translateY(-2px);
    box-shadow: 0 8px 30px rgba(0, 245, 212, 0.08);
  }

  .stat-card .value {
    font-size: 1.8rem;
    font-weight: 700;
    color: #00f5d4;
  }

  .stat-card .label {
    font-size: 0.78rem;
    color: #778da9;
    margin-top: 4px;
    text-transform: uppercase;
    letter-spacing: 0.5px;
  }

  .dashboard {
    display: grid;
    grid-template-columns: 1fr 1fr;
    gap: 24px;
    padding: 0 32px 32px;
    max-width: 1400px;
    margin: 0 auto;
  }

  .panel {
    background: linear-gradient(145deg, rgba(255,255,255,0.03), rgba(255,255,255,0.01));
    border: 1px solid rgba(255,255,255,0.06);
    border-radius: 20px;
    padding: 24px;
    overflow: hidden;
  }

  .panel.full-width {
    grid-column: 1 / -1;
  }

  .panel h2 {
    font-size: 1.1rem;
    font-weight: 600;
    color: #e0e1dd;
    margin-bottom: 16px;
    display: flex;
    align-items: center;
    gap: 8px;
  }

  .panel h2 .icon {
    font-size: 1.2rem;
  }

  .plot-container {
    width: 100%;
    min-height: 450px;
  }

  .footer {
    text-align: center;
    padding: 24px 32px;
    color: #415a77;
    font-size: 0.8rem;
    border-top: 1px solid rgba(255,255,255,0.04);
  }

  .footer a {
    color: #00f5d4;
    text-decoration: none;
  }

  @media (max-width: 900px) {
    .dashboard { grid-template-columns: 1fr; }
    .hero h1 { font-size: 1.8rem; }
  }
</style>
</head>
<body>

<div class="hero">
  <h1>🧠 NeuroGraph Embedding Space</h1>
  <p class="subtitle">Semantic chunking of the NeuroGraph research paper — visualized via UMAP dimensionality reduction</p>
  <div class="model-badge">
    <span>⚡</span> Qwen3-Embedding-8B &nbsp;·&nbsp; MTEB #1 Open Source &nbsp;·&nbsp; 4096d → 2d UMAP
  </div>
</div>

<div class="stats-bar">
  <div class="stat-card">
    <div class="value">50</div>
    <div class="label">Text Chunks</div>
  </div>
  <div class="stat-card">
    <div class="value">4096</div>
    <div class="label">Embedding Dims</div>
  </div>
  <div class="stat-card">
    <div class="value">6</div>
    <div class="label">Categories</div>
  </div>
  <div class="stat-card">
    <div class="value">0.566</div>
    <div class="label">Avg Similarity</div>
  </div>
  <div class="stat-card">
    <div class="value">237.2s</div>
    <div class="label">Embed Time</div>
  </div>
  <div class="stat-card">
    <div class="value">0.2</div>
    <div class="label">Chunks / Sec</div>
  </div>
</div>

<div class="dashboard">
  <!-- Scatter Plot -->
  <div class="panel full-width">
    <h2><span class="icon">🗺️</span> Embedding Space (UMAP 2D Projection)</h2>
    <div id="scatter-plot" class="plot-container"></div>
  </div>

  <!-- Heatmap -->
  <div class="panel">
    <h2><span class="icon">🔥</span> Cosine Similarity Heatmap</h2>
    <div id="heatmap-plot" class="plot-container"></div>
  </div>

  <!-- Donut Chart -->
  <div class="panel">
    <h2><span class="icon">📊</span> Category Distribution</h2>
    <div id="donut-plot" class="plot-container"></div>
  </div>
</div>

<div class="footer">
  Generated by <a href="#">NeuroGraph</a> Embedding Test Suite &nbsp;·&nbsp;
  Model: Qwen3-Embedding-8B (MTEB #1) &nbsp;·&nbsp;
  2026-04-01 19:04:35
</div>

<script>
const darkLayout = {
  paper_bgcolor: 'rgba(0,0,0,0)',
  plot_bgcolor: 'rgba(0,0,0,0)',
  font: { family: 'Inter', color: '#e0e1dd', size: 12 },
  margin: { l: 50, r: 30, t: 30, b: 50 },
  hoverlabel: {
    bgcolor: '#1a1a2e',
    bordercolor: '#00f5d4',
    font: { family: 'Inter', color: '#e0e1dd', size: 12 }
  },
  xaxis: {
    gridcolor: 'rgba(255,255,255,0.04)',
    zerolinecolor: 'rgba(255,255,255,0.06)',
    title: { text: 'UMAP-1', font: { color: '#778da9' } }
  },
  yaxis: {
    gridcolor: 'rgba(255,255,255,0.04)',
    zerolinecolor: 'rgba(255,255,255,0.06)',
    title: { text: 'UMAP-2', font: { color: '#778da9' } }
  },
  legend: {
    bgcolor: 'rgba(0,0,0,0.3)',
    bordercolor: 'rgba(255,255,255,0.08)',
    borderwidth: 1,
    font: { size: 11 }
  },
};

// Scatter
Plotly.newPlot('scatter-plot', [{"x": [4.962560653686523, 4.48349142074585, 5.301891803741455, 5.063663959503174, 3.1184284687042236], "y": [2.6140077114105225, 2.9122474193573, 3.2600386142730713, 3.4263198375701904, 1.3238284587860107], "text": ["<b>Architecture</b><br>exposes 17 top-level modules, each encapsulating a distinct subsystem. The workspace uses Rust 2021 edition with a minim...", "<b>Architecture</b><br>are stored asCommunityobjects with memberentityIDs,hierarchicallevel,andoptional LLM-generated summaries. TheIncremental...", "<b>Architecture</b><br>The ConversationHistorymaintains a sliding window of messages with role annotations (User, Assistant, System) and attach...", "<b>Architecture</b><br>on Axum 0.8 with Tower middleware for CORS and tracing: Table 8: REST API endpoints. Verb Endpoint Description GET/healt...", "<b>Architecture</b><br>\u2022Cognee: Pipeline-oriented knowledge process- ing. NeuroGraph adopts the cleanadd/query API pattern. \u2022LightRAG: Lightwei..."], "name": "Architecture (5)", "type": "scatter", "mode": "markers", "marker": {"size": 10, "color": "#FF6B6B", "opacity": 0.85, "line": {"width": 1, "color": "#1a1a2e"}}, "hovertemplate": "%{text}<extra></extra>"}, {"x": [4.358670234680176], "y": [2.7561469078063965], "text": ["<b>Community</b><br>updates importance scores, and optionally deletes candidates in batches (max_prune_batch, default 100). A separate TTL-b..."], "name": "Community (1)", "type": "scatter", "mode": "markers", "marker": {"size": 10, "color": "#FFEAA7", "opacity": 0.85, "line": {"width": 1, "color": "#1a1a2e"}}, "hovertemplate": "%{text}<extra></extra>"}, {"x": [5.463074207305908, 2.808499336242676, 2.4285104274749756, 3.246628522872925, 2.3115928173065186, 3.313657283782959, 2.7087326049804688, 4.6098432540893555, 5.177924633026123, 4.134782791137695, 2.545559883117676], "y": [0.037190306931734085, 3.574430465698242, 3.3927080631256104, 3.819356679916382, 0.9716899394989014, 1.0158315896987915, 0.9091595411300659, 3.861469268798828, 3.8220198154449463, 2.131831645965576, 3.0612967014312744], "text": ["<b>Embeddings & RAG</b><br>API, returning typed entities with summaries and relationships with confidence scores; (b) regex-only fallback that iden...", "<b>Embeddings & RAG</b><br>0.40. 2.BM25 Keyword Search: A full inverted in- dex with TF-IDF scoring, supporting config- urablek 1(1.2) andb(0.75) p...", "<b>Embeddings & RAG</b><br>Maximal Marginal Relevance (MMR) MMR reranking balances relevance to the query with diversity among selected results\u2014clo...", "<b>Embeddings & RAG</b><br>made Rust-idiomatic with the builder pattern. Per-Channel Configuration.Each of the four channels\u2014entities, relationship...", "<b>Embeddings & RAG</b><br>are promoted based on access frequency and importance score: \u2022L1\u2192L2: after 3 accesses \u2022L2\u2192L3: after 10 accessesandimport...", "<b>Embeddings & RAG</b><br>a self-organizing note graph where eachMemoryNotecarries: \u2022Auto-extracted keywords (stop-word filtered, max 20) \u2022Embeddi...", "<b>Embeddings & RAG</b><br>multiplied by a decay factorDaccording to the configured function: exponential (e\u2212\u03bbt), linear (1\u2212\u03bbt), or step (0 ift>\u03c4)....", "<b>Embeddings & RAG</b><br>then recommends the optimal strat- egy. TheSmartChunkersplits text into semantically coherent chunks with configurable m...", "<b>Embeddings & RAG</b><br>Code Copilot. The MCP server wraps theneurograph-coreAPI and provides tool definitions foradd_text,query, search_papers,...", "<b>Embeddings & RAG</b><br>Index: Replace brute-force similarity search with approximate nearest neighbors for sub-linear scaling. \u2022Neo4j Driver: F...", "<b>Embeddings & RAG</b><br>v3 Documentation, 2026. [6] Guo, Z.et al.LightRAG: Simple and Fast Retrieval-Augmented Generation.arXiv preprint, 2024. ..."], "name": "Embeddings & RAG (11)", "type": "scatter", "mode": "markers", "marker": {"size": 10, "color": "#45B7D1", "opacity": 0.85, "line": {"width": 1, "color": "#1a1a2e"}}, "hovertemplate": "%{text}<extra></extra>"}, {"x": [3.972191572189331, 3.3866474628448486, 3.515242338180542, 3.732161045074463, 4.76535177230835, 2.9464356899261475, 5.290065288543701, 5.694063186645508, 5.566287040710449, 5.961817264556885, 5.0756354331970215, 4.704992771148682, 3.9066953659057617, 5.651117324829102, 5.7793402671813965, 5.270995616912842, 2.3555939197540283, 2.6085944175720215, 3.424264907836914, 3.7894115447998047, 2.602109432220459, 5.596607208251953, 3.768028497695923, 4.24302864074707, 4.7628865242004395, 4.179106712341309, 5.589354038238525], "y": [1.464071273803711, 2.9501476287841797, 1.5664323568344116, 1.1092872619628906, 1.280265212059021, 2.760270357131958, 2.5082077980041504, 1.9484142065048218, 1.0179197788238525, 0.6769178509712219, 1.7576218843460083, 2.2100489139556885, 2.577709436416626, 2.3133926391601562, 0.31365710496902466, 0.24137426912784576, 3.6462769508361816, 3.8480067253112793, 3.4004569053649902, 3.6600069999694824, 0.6960893869400024, 0.5193135142326355, 2.3493430614471436, 0.8742696642875671, 0.5030695199966431, 0.6268463134765625, 2.8696296215057373], "text": ["<b>Knowledge Graph</b><br>NeuroGraph: A Temporal Knowledge Graph Operating System for AI Memory with Self-Evolving Retrieval Ingest Anything, Reme...", "<b>Knowledge Graph</b><br>contributions: (1) arichly- typed graph data modelwith 16-field entities, bi- temporal relationships, episodic provenanc...", "<b>Knowledge Graph</b><br>algorithms, and implementation in detail. Keywords:Knowledge Graph, Temporal Rea- soning, Graph RAG, Hybrid Retrieval, M...", "<b>Knowledge Graph</b><br>knowledgeactionable. Knowledge graphs (KGs) offer a solution by representing information as typed entities con- nected b...", "<b>Knowledge Graph</b><br>a fully functional instance with in-memory stor- age, local hash embeddings, and regex-based entity extraction. No API k...", "<b>Knowledge Graph</b><br>strategy dis- patch, token-budgeted context assembly, and per-query cost enforcement (\u00a72.8). \u2022Amulti-stage ingestion pip...", "<b>Knowledge Graph</b><br>all v0.2 sub- systems simultaneously. When no configuration is provided,NeuroGraphConfig::zero_config() creates sensible...", "<b>Knowledge Graph</b><br>summarization Every LLM call records its cost via the CostTracker, and theConcurrencyLimiter throttles parallel LLM call...", "<b>Knowledge Graph</b><br>support- ing six source types:Message,Json,Text, Image,Audio, andPdf. Each episode carries valid_at(real-world timestamp...", "<b>Knowledge Graph</b><br>data types, required flags, and few-shot examples) andlearned(auto-discovered types from extraction).RelationshipTypeDef...", "<b>Knowledge Graph</b><br>prompts\u2014 closing a gap where GraphRAG provides a mod- ular caching factory. Cache keys are computed deterministically vi...", "<b>Knowledge Graph</b><br>input/output to- kens, callcount, estimatedcost)andglobalatomic counters (AtomicU64for lock-free reads). The print_summa...", "<b>Knowledge Graph</b><br>ateQueryStrategyimplementation: \u2022LocalStrategy: Hybrid retrieval\u2192relation- ship fetch\u2192context assembly\u2192LLM answer genera...", "<b>Knowledge Graph</b><br>markers (\u2713currentvs.\u00d7historical), (3) community summaries for global context. Each section is truncated at the budget bo...", "<b>Knowledge Graph</b><br>JSON, PDF) into a structured knowledge graph through six stages: Src1\u2212 \u2192Ep2\u2212 \u2192Ext3\u2212 \u2192Val4\u2212 \u2192Dup5\u2212 \u2192Cfl6\u2212 \u2192Str (1) Stage ...", "<b>Knowledge Graph</b><br>source entity and relationship type: Table 3: Conflict types and resolution strategies. Type Resolution Redundant Skip (...", "<b>Knowledge Graph</b><br>scoring by hop dis- tance with exponential decay. Default weight: 0.15. 5.Cross-Encoder Reranking: Either rule- based (z...", "<b>Knowledge Graph</b><br>=\u03b3d(v,c)(5) where\u03b3is the decay factor (default 0.5) and d(v,c)is the shortest BFS distance from nodev to centerc, capped...", "<b>Knowledge Graph</b><br>rank community summaries by keyword overlap, collect entities from top-kcommunities, generate follow-up queries from key...", "<b>Knowledge Graph</b><br>MMR diversity combined_hybrid_cross_encAll channels, LLM reranking entity_hybrid_rrfEntity-only, RRF entity_hybrid_mmrEn...", "<b>Knowledge Graph</b><br>for removal. The for- getting pass also cleans up indexes and removes dangling links. 5.3 RL-Guided Memory Evolution The...", "<b>Knowledge Graph</b><br>during, overlaps, etc.) between items\u2019 validity inter- vals. 3.Causal Graph: Directed edges repre- sent cause-effect rel...", "<b>Knowledge Graph</b><br>Temporal Causal Why did X fail? Causal Hypothetical What if X hadn\u2019t. . . ? Causal Comparative Compare X and Y Entity Ag...", "<b>Knowledge Graph</b><br>6.3 Fusion Engine TheFusionEnginemergesSubgraphResults from multiple views using type-aligned RRF with cross-view reinfo...", "<b>Knowledge Graph</b><br>added/removed entity and relationship IDs. Thread-safe via DashMap. \u2022Read: Visibility check walks the branch chain (bran...", "<b>Knowledge Graph</b><br>a single relationship. Each version carries the fact text, validity inter- val, confidence, and an optionalsuperseded_by...", "<b>Knowledge Graph</b><br>terminal output, andindicatiffor progress bars during bulk ingestion. 13 Deployment and Infrastruc- ture 13.1 Build and ..."], "name": "Knowledge Graph (27)", "type": "scatter", "mode": "markers", "marker": {"size": 10, "color": "#4ECDC4", "opacity": 0.85, "line": {"width": 1, "color": "#1a1a2e"}}, "hovertemplate": "%{text}<extra></extra>"}, {"x": [3.046821117401123, 5.49328088760376], "y": [0.7499631643295288, 3.412245750427246], "text": ["<b>LLM Integration</b><br>Procedural) with automatic promotion, de- motion, and Ebbinghaus-curve forgetting; (6) an RL-guided memory evolution eng...", "<b>LLM Integration</b><br>:// arxiv . org/pdf /... 4neurograph query \"Who works at Anthropic?\"\u2212 \u2212at 2024 5neurograph search \" attention \"\u2212 \u2212 arxiv..."], "name": "LLM Integration (2)", "type": "scatter", "mode": "markers", "marker": {"size": 10, "color": "#DDA0DD", "opacity": 0.85, "line": {"width": 1, "color": "#1a1a2e"}}, "hovertemplate": "%{text}<extra></extra>"}, {"x": [2.947706460952759, 4.586584568023682, 5.321009635925293, 2.608215093612671], "y": [1.708034634590149, 1.5880963802337646, 2.0412042140960693, 1.3020097017288208], "text": ["<b>Memory & Storage</b><br>pre-built search recipes (\u00a74.7). \u2022Abiologically-inspired memory system combining tiered hierarchy, Zettelkasten self- or...", "<b>Memory & Storage</b><br>are provided: \u2022MemoryDriver: UsesDashMap<K, V>for lock-free concurrent access to entities, rela- tionships, episodes, an...", "<b>Memory & Storage</b><br>vec- tor/text search algorithms as MemoryDriver but reads from persistent disk. GraphDriverConfigincludesstorage_path, m...", "<b>Memory & Storage</b><br>a three-layer memory ar- chitecture inspired by cognitive science: tiered storage, self-organizing Zettelkasten, and RL-..."], "name": "Memory & Storage (4)", "type": "scatter", "mode": "markers", "marker": {"size": 10, "color": "#96CEB4", "opacity": 0.85, "line": {"width": 1, "color": "#1a1a2e"}}, "hovertemplate": "%{text}<extra></extra>"}], {
  ...darkLayout,
  showlegend: true,
}, { responsive: true });

// Heatmap
Plotly.newPlot('heatmap-plot', [{"z": [[0.9999999403953552, 0.7041770815849304, 0.7041717171669006, 0.7435476183891296, 0.8257380723953247, 0.811168372631073, 0.6454644203186035, 0.8235790133476257, 0.7717896103858948, 0.7586808204650879, 0.6391319632530212, 0.7100831270217896, 0.5949170589447021, 0.7073249816894531, 0.6225832104682922, 0.6246290802955627, 0.6257145404815674, 0.7185733318328857, 0.5369068384170532, 0.6614221334457397, 0.5369341969490051, 0.5890082120895386, 0.530370831489563, 0.501664936542511, 0.5254083275794983, 0.46040773391723633, 0.5699387192726135, 0.5089914798736572, 0.6199824213981628, 0.6757166385650635, 0.5120210647583008, 0.7773142457008362, 0.6353780031204224, 0.6518510580062866, 0.6152249574661255, 0.6522023677825928, 0.7471045851707458, 0.4815504252910614, 0.7641950249671936, 0.6476975679397583], [0.7041770815849304, 0.9999998807907104, 0.5665886998176575, 0.6464159488677979, 0.672394335269928, 0.6725022196769714, 0.7471815347671509, 0.661934494972229, 0.651426374912262, 0.619474470615387, 0.6217296123504639, 0.7457823753356934, 0.6014289855957031, 0.6600580811500549, 0.5789490938186646, 0.5542088150978088, 0.6450064182281494, 0.7209834456443787, 0.46430322527885437, 0.6463656425476074, 0.5444083213806152, 0.5766951441764832, 0.656083881855011, 0.6066506505012512, 0.5771488547325134, 0.5495007038116455, 0.7668928503990173, 0.6469990611076355, 0.7218018770217896, 0.5344400405883789, 0.4870110750198364, 0.6254901885986328, 0.4905260503292084, 0.4783017039299011, 0.6131381392478943, 0.7066134214401245, 0.701909601688385, 0.4678118824958801, 0.6104762554168701, 0.5728812217712402], [0.7041717171669006, 0.5665886998176575, 1.0000001192092896, 0.6392601728439331, 0.582743227481842, 0.663776695728302, 0.6464356184005737, 0.7228777408599854, 0.62871253490448, 0.6200753450393677, 0.6262532472610474, 0.5560528635978699, 0.47940605878829956, 0.5600079298019409, 0.691847562789917, 0.6947365403175354, 0.6522635817527771, 0.6002712249755859, 0.5786052346229553, 0.5381937026977539, 0.4659450352191925, 0.45943930745124817, 0.5110028386116028, 0.5168077349662781, 0.5161976218223572, 0.45922568440437317, 0.4982913136482239, 0.48774904012680054, 0.4982028305530548, 0.7348151803016663, 0.639119029045105, 0.6470128297805786, 0.7049723863601685, 0.7387904524803162, 0.4678639769554138, 0.5241451859474182, 0.552126944065094, 0.5084960460662842, 0.6423848271369934, 0.5231083631515503], [0.7435476183891296, 0.6464159488677979, 0.6392601728439331, 0.9999999403953552, 0.773398756980896, 0.7535383701324463, 0.6080290675163269, 0.6855169534683228, 0.6394969820976257, 0.5968588590621948, 0.5875924229621887, 0.5973950028419495, 0.49294283986091614, 0.563457190990448, 0.5983973741531372, 0.6014136672019958, 0.5721944570541382, 0.6307552456855774, 0.46333935856819153, 0.5934040546417236, 0.43022069334983826, 0.46976810693740845, 0.4810725450515747, 0.48350876569747925, 0.4966445565223694, 0.3926047086715698, 0.4925995469093323, 0.45572927594184875, 0.4932861626148224, 0.5998284816741943, 0.4281390309333801, 0.582220196723938, 0.5053523182868958, 0.5754364728927612, 0.5267341136932373, 0.5776353478431702, 0.6199905276298523, 0.36873772740364075, 0.5809963345527649, 0.4685644507408142], [0.8257380723953247, 0.672394335269928, 0.582743227481842, 0.773398756980896, 1.0, 0.7234719395637512, 0.5598363876342773, 0.6958529949188232, 0.6726131439208984, 0.6691039800643921, 0.5992889404296875, 0.6541084051132202, 0.5797613263130188, 0.6475487947463989, 0.5225979089736938, 0.5613160729408264, 0.5750137567520142, 0.665143609046936, 0.464656263589859, 0.6619270443916321, 0.5327416062355042, 0.5938579440116882, 0.5157042145729065, 0.4576108455657959, 0.4772769808769226, 0.40573254227638245, 0.5503817796707153, 0.473891019821167, 0.5938400626182556, 0.5523399114608765, 0.4242665469646454, 0.6868827939033508, 0.5237829685211182, 0.5407165884971619, 0.6142249703407288, 0.6394360661506653, 0.7029169201850891, 0.4543066620826721, 0.7215889096260071, 0.602462887763977], [0.811168372631073, 0.6725022196769714, 0.663776695728302, 0.7535383701324463, 0.7234719395637512, 1.0, 0.6384068727493286, 0.7694169282913208, 0.7946069240570068, 0.7172146439552307, 0.6794546246528625, 0.6734511256217957, 0.6381915807723999, 0.730737566947937, 0.7010045051574707, 0.6421331763267517, 0.6718200445175171, 0.6470611095428467, 0.5890434384346008, 0.6624497771263123, 0.566608726978302, 0.6068171858787537, 0.5277661681175232, 0.49362120032310486, 0.48246198892593384, 0.41338786482810974, 0.5660867691040039, 0.5464597344398499, 0.5609403252601624, 0.6549235582351685, 0.5221283435821533, 0.6603531241416931, 0.5587499141693115, 0.5753352046012878, 0.6208887100219727, 0.6108887791633606, 0.7012364268302917, 0.4891464114189148, 0.6658713221549988, 0.5804125070571899], [0.6454644203186035, 0.7471815347671509, 0.6464356184005737, 0.6080290675163269, 0.5598363876342773, 0.6384068727493286, 1.0, 0.7100023031234741, 0.5972307324409485, 0.5920714139938354, 0.5445625185966492, 0.5401054620742798, 0.4653603434562683, 0.5434462428092957, 0.5846917033195496, 0.5162744522094727, 0.6504233479499817, 0.6523687839508057, 0.5312166810035706, 0.5797316431999207, 0.5647121071815491, 0.5160471200942993, 0.6071051359176636, 0.6437694430351257, 0.569623589515686, 0.5454554557800293, 0.6900786757469177, 0.6262586712837219, 0.6019183993339539, 0.6258235573768616, 0.5237101912498474, 0.5834110379219055, 0.5357484817504883, 0.5405310988426208, 0.5036216378211975, 0.5997905135154724, 0.5979230403900146, 0.4165070652961731, 0.5118280649185181, 0.4661739766597748], [0.8235790133476257, 0.661934494972229, 0.7228777408599854, 0.6855169534683228, 0.6958529949188232, 0.7694169282913208, 0.7100023031234741, 1.0000001192092896, 0.7870966792106628, 0.6900286674499512, 0.5659616589546204, 0.6329545378684998, 0.5144509077072144, 0.6554986834526062, 0.6071834564208984, 0.5843098163604736, 0.5783727169036865, 0.6770943999290466, 0.4886057674884796, 0.5809464454650879, 0.47169241309165955, 0.5205965042114258, 0.5078131556510925, 0.5018925070762634, 0.5053982138633728, 0.43835318088531494, 0.5547807216644287, 0.5172514915466309, 0.5709699392318726, 0.7529319524765015, 0.5320756435394287, 0.7421099543571472, 0.6100847721099854, 0.6179585456848145, 0.5692624449729919, 0.5869393348693848, 0.6829785108566284, 0.4899379014968872, 0.6640569567680359, 0.5527713298797607], [0.7717896103858948, 0.651426374912262, 0.62871253490448, 0.6394969820976257, 0.6726131439208984, 0.7946069240570068, 0.5972307324409485, 0.7870966792106628, 1.0000001192092896, 0.7923810482025146, 0.705327033996582, 0.7074686288833618, 0.6354073286056519, 0.719474196434021, 0.7205426692962646, 0.6220290064811707, 0.6620831489562988, 0.7321991324424744, 0.5938699245452881, 0.6321960687637329, 0.5223385691642761, 0.6076876521110535, 0.5237886905670166, 0.4956161379814148, 0.5260955095291138, 0.4364176392555237, 0.6252834796905518, 0.5890629887580872, 0.6316548585891724, 0.6405113935470581, 0.49441656470298767, 0.6783556938171387, 0.49493446946144104, 0.535225510597229, 0.5944892168045044, 0.6157110929489136, 0.6476324796676636, 0.5021034479141235, 0.6418724060058594, 0.6997796297073364], [0.7586808204650879, 0.619474470615387, 0.6200753450393677, 0.5968588590621948, 0.6691039800643921, 0.7172146439552307, 0.5920714139938354, 0.6900286674499512, 0.7923810482025146, 0.9999999403953552, 0.7874153256416321, 0.6743765473365784, 0.6250015497207642, 0.7021015286445618, 0.7381296157836914, 0.6062886118888855, 0.699869692325592, 0.7149747610092163, 0.7538847923278809, 0.5980225801467896, 0.5506597757339478, 0.5848151445388794, 0.5211743712425232, 0.48253220319747925, 0.5188981890678406, 0.4124673902988434, 0.5879622101783752, 0.550916850566864, 0.5797499418258667, 0.5649266839027405, 0.4710918366909027, 0.6703709363937378, 0.4694207012653351, 0.5322024822235107, 0.597270131111145, 0.6183813810348511, 0.64423668384552, 0.48137933015823364, 0.6084698438644409, 0.6826436519622803], [0.6391319632530212, 0.6217296123504639, 0.6262532472610474, 0.5875924229621887, 0.5992889404296875, 0.6794546246528625, 0.5445625185966492, 0.5659616589546204, 0.705327033996582, 0.7874153256416321, 1.0000001192092896, 0.6588999032974243, 0.6406325697898865, 0.6306282877922058, 0.7100663781166077, 0.6439847350120544, 0.7150952816009521, 0.6689918637275696, 0.7779417634010315, 0.609080970287323, 0.5885694622993469, 0.5714104771614075, 0.5483967065811157, 0.5166599154472351, 0.5170705914497375, 0.4451262056827545, 0.6153037548065186, 0.5831420421600342, 0.6310139298439026, 0.5413327813148499, 0.5126445889472961, 0.5659898519515991, 0.4809925854206085, 0.5241219997406006, 0.5705347061157227, 0.6004682779312134, 0.5939509272575378, 0.5073030591011047, 0.5879086852073669, 0.6626313924789429], [0.7100831270217896, 0.7457823753356934, 0.5560528635978699, 0.5973950028419495, 0.6541084051132202, 0.6734511256217957, 0.5401054620742798, 0.6329545378684998, 0.7074686288833618, 0.6743765473365784, 0.6588999032974243, 1.0, 0.6384541392326355, 0.6701490879058838, 0.5761046409606934, 0.5900017023086548, 0.6213806867599487, 0.6521026492118835, 0.545348584651947, 0.7186844348907471, 0.5589480996131897, 0.6437028050422668, 0.5236576795578003, 0.49274173378944397, 0.5105688571929932, 0.5329392552375793, 0.6308111548423767, 0.5870559215545654, 0.6988202333450317, 0.5288808941841125, 0.4250373840332031, 0.6416351199150085, 0.47207871079444885, 0.5029736757278442, 0.681941568851471, 0.647472083568573, 0.6547597646713257, 0.5238338708877563, 0.6245956420898438, 0.5915331244468689], [0.5949170589447021, 0.6014289855957031, 0.47940605878829956, 0.49294283986091614, 0.5797613263130188, 0.6381915807723999, 0.4653603434562683, 0.5144509077072144, 0.6354073286056519, 0.6250015497207642, 0.6406325697898865, 0.6384541392326355, 0.9999998807907104, 0.6180879473686218, 0.6126016974449158, 0.49625036120414734, 0.596967875957489, 0.6166847348213196, 0.4842793345451355, 0.6563875079154968, 0.6149882674217224, 0.6533471345901489, 0.46358123421669006, 0.40472131967544556, 0.4150942265987396, 0.3471447825431824, 0.5232250690460205, 0.4830330014228821, 0.5571257472038269, 0.409416526556015, 0.33837729692459106, 0.5312268733978271, 0.3612649142742157, 0.39616504311561584, 0.6210649609565735, 0.5881531834602356, 0.560347318649292, 0.44356435537338257, 0.5742261409759521, 0.5788120627403259], [0.7073249816894531, 0.6600580811500549, 0.5600079298019409, 0.563457190990448, 0.6475487947463989, 0.730737566947937, 0.5434462428092957, 0.6554986834526062, 0.719474196434021, 0.7021015286445618, 0.6306282877922058, 0.6701490879058838, 0.6180879473686218, 1.0, 0.7292715907096863, 0.576938807964325, 0.616639256477356, 0.682130753993988, 0.5402163863182068, 0.5654075741767883, 0.5054755210876465, 0.6159884929656982, 0.5250638127326965, 0.45318400859832764, 0.4971044063568115, 0.44226542115211487, 0.6357918977737427, 0.6050825119018555, 0.6371965408325195, 0.5395825505256653, 0.5302707552909851, 0.6238216757774353, 0.5182653665542603, 0.5323241949081421, 0.5577372312545776, 0.556308388710022, 0.6593741178512573, 0.5422773361206055, 0.6578789949417114, 0.6659885048866272], [0.6225832104682922, 0.5789490938186646, 0.691847562789917, 0.5983973741531372, 0.5225979089736938, 0.7010045051574707, 0.5846917033195496, 0.6071834564208984, 0.7205426692962646, 0.7381296157836914, 0.7100663781166077, 0.5761046409606934, 0.6126016974449158, 0.7292715907096863, 1.0000001192092896, 0.6772162914276123, 0.7133365869522095, 0.6456485986709595, 0.6810476779937744, 0.5117403268814087, 0.4335738718509674, 0.4874330759048462, 0.5029563903808594, 0.4701898992061615, 0.5273417830467224, 0.37580665946006775, 0.5387900471687317, 0.5617366433143616, 0.5213651061058044, 0.5824401378631592, 0.5492333173751831, 0.553040623664856, 0.47646328806877136, 0.5161303281784058, 0.4639189541339874, 0.5268358588218689, 0.5283435583114624, 0.4538474380970001, 0.5127710700035095, 0.5407969951629639], [0.6246290802955627, 0.5542088150978088, 0.6947365403175354, 0.6014136672019958, 0.5613160729408264, 0.6421331763267517, 0.5162744522094727, 0.5843098163604736, 0.6220290064811707, 0.6062886118888855, 0.6439847350120544, 0.5900017023086548, 0.49625036120414734, 0.576938807964325, 0.6772162914276123, 1.0, 0.6441518068313599, 0.5826985239982605, 0.6156723499298096, 0.5010956525802612, 0.45298197865486145, 0.4886910617351532, 0.5248690247535706, 0.5208262205123901, 0.5443739295005798, 0.4480820298194885, 0.509566068649292, 0.5107125639915466, 0.5002983212471008, 0.5994285345077515, 0.6052634119987488, 0.5636592507362366, 0.5776000022888184, 0.609599232673645, 0.5159680247306824, 0.5332926511764526, 0.5583272576332092, 0.4534415006637573, 0.5694104433059692, 0.53351891040802], [0.6257145404815674, 0.6450064182281494, 0.6522635817527771, 0.5721944570541382, 0.5750137567520142, 0.6718200445175171, 0.6504233479499817, 0.5783727169036865, 0.6620831489562988, 0.699869692325592, 0.7150952816009521, 0.6213806867599487, 0.596967875957489, 0.616639256477356, 0.7133365869522095, 0.6441518068313599, 1.0000001192092896, 0.7423824667930603, 0.696692705154419, 0.5798988938331604, 0.5352389216423035, 0.5395199060440063, 0.5635676383972168, 0.5446157455444336, 0.5276756286621094, 0.46023717522621155, 0.6118296980857849, 0.5586202144622803, 0.5800583958625793, 0.5635116696357727, 0.52428138256073, 0.5586305260658264, 0.49772435426712036, 0.5088585019111633, 0.5535344481468201, 0.6832132339477539, 0.6462509632110596, 0.47312670946121216, 0.5452201962471008, 0.5242478251457214], [0.7185733318328857, 0.7209834456443787, 0.6002712249755859, 0.6307552456855774, 0.665143609046936, 0.6470611095428467, 0.6523687839508057, 0.6770943999290466, 0.7321991324424744, 0.7149747610092163, 0.6689918637275696, 0.6521026492118835, 0.6166847348213196, 0.682130753993988, 0.6456485986709595, 0.5826985239982605, 0.7423824667930603, 1.0, 0.5537357330322266, 0.5899678468704224, 0.5142860412597656, 0.5667667388916016, 0.5833460688591003, 0.5728535056114197, 0.5947723984718323, 0.47225046157836914, 0.7118676900863647, 0.5723227858543396, 0.6764103770256042, 0.5626433491706848, 0.4964730441570282, 0.6485705971717834, 0.49017956852912903, 0.5399138927459717, 0.5794497132301331, 0.7430881857872009, 0.6917155981063843, 0.4527888596057892, 0.587386965751648, 0.683272659778595], [0.5369068384170532, 0.46430322527885437, 0.5786052346229553, 0.46333935856819153, 0.464656263589859, 0.5890434384346008, 0.5312166810035706, 0.4886057674884796, 0.5938699245452881, 0.7538847923278809, 0.7779417634010315, 0.545348584651947, 0.4842793345451355, 0.5402163863182068, 0.6810476779937744, 0.6156723499298096, 0.696692705154419, 0.5537357330322266, 0.9999998807907104, 0.43949490785598755, 0.4769623875617981, 0.43919607996940613, 0.4703224301338196, 0.46206358075141907, 0.49884721636772156, 0.3792472183704376, 0.4881931245326996, 0.5268897414207458, 0.4856463372707367, 0.48083290457725525, 0.46481195092201233, 0.48972728848457336, 0.4240998327732086, 0.4845215678215027, 0.4372673034667969, 0.48799946904182434, 0.4855060279369354, 0.46511033177375793, 0.4532383382320404, 0.49516555666923523], [0.6614221334457397, 0.6463656425476074, 0.5381937026977539, 0.5934040546417236, 0.6619270443916321, 0.6624497771263123, 0.5797316431999207, 0.5809464454650879, 0.6321960687637329, 0.5980225801467896, 0.609080970287323, 0.7186844348907471, 0.6563875079154968, 0.5654075741767883, 0.5117403268814087, 0.5010956525802612, 0.5798988938331604, 0.5899678468704224, 0.43949490785598755, 1.000000238418579, 0.6845576763153076, 0.7170186638832092, 0.49636900424957275, 0.4833325147628784, 0.4154592752456665, 0.46365320682525635, 0.5506614446640015, 0.48448216915130615, 0.5945038795471191, 0.4887310266494751, 0.3648080825805664, 0.5846338272094727, 0.4298408329486847, 0.4450255334377289, 0.6972840428352356, 0.5840551257133484, 0.596899151802063, 0.42705225944519043, 0.59083491563797, 0.547196626663208], [0.5369341969490051, 0.5444083213806152, 0.4659450352191925, 0.43022069334983826, 0.5327416062355042, 0.566608726978302, 0.5647121071815491, 0.47169241309165955, 0.5223385691642761, 0.5506597757339478, 0.5885694622993469, 0.5589480996131897, 0.6149882674217224, 0.5054755210876465, 0.4335738718509674, 0.45298197865486145, 0.5352389216423035, 0.5142860412597656, 0.4769623875617981, 0.6845576763153076, 1.0000001192092896, 0.701505720615387, 0.4984588623046875, 0.515440821647644, 0.4148903489112854, 0.45999860763549805, 0.5422492027282715, 0.5175338983535767, 0.5699843764305115, 0.4280567169189453, 0.3769558370113373, 0.5237702131271362, 0.4428287148475647, 0.42136716842651367, 0.633274495601654, 0.5381326079368591, 0.5684617757797241, 0.46817684173583984, 0.5757453441619873, 0.5345931649208069], [0.5890082120895386, 0.5766951441764832, 0.45943930745124817, 0.46976810693740845, 0.5938579440116882, 0.6068171858787537, 0.5160471200942993, 0.5205965042114258, 0.6076876521110535, 0.5848151445388794, 0.5714104771614075, 0.6437028050422668, 0.6533471345901489, 0.6159884929656982, 0.4874330759048462, 0.4886910617351532, 0.5395199060440063, 0.5667667388916016, 0.43919607996940613, 0.7170186638832092, 0.701505720615387, 1.000000238418579, 0.4682225286960602, 0.44895491003990173, 0.4134451150894165, 0.38892611861228943, 0.5239043235778809, 0.4864869713783264, 0.557343602180481, 0.4192483723163605, 0.3792715072631836, 0.5353238582611084, 0.43128955364227295, 0.4369879961013794, 0.6569913625717163, 0.5658679604530334, 0.6341257095336914, 0.5964763164520264, 0.6427599787712097, 0.5782648324966431], [0.530370831489563, 0.656083881855011, 0.5110028386116028, 0.4810725450515747, 0.5157042145729065, 0.5277661681175232, 0.6071051359176636, 0.5078131556510925, 0.5237886905670166, 0.5211743712425232, 0.5483967065811157, 0.5236576795578003, 0.46358123421669006, 0.5250638127326965, 0.5029563903808594, 0.5248690247535706, 0.5635676383972168, 0.5833460688591003, 0.4703224301338196, 0.49636900424957275, 0.4984588623046875, 0.4682225286960602, 1.0000003576278687, 0.7511264681816101, 0.6774051189422607, 0.6790804862976074, 0.6972820162773132, 0.67546546459198, 0.6545668244361877, 0.493078351020813, 0.5419993996620178, 0.6050992608070374, 0.5445793867111206, 0.4988022446632385, 0.523515522480011, 0.6084980964660645, 0.5644732117652893, 0.37122753262519836, 0.4616873860359192, 0.5611097812652588], [0.501664936542511, 0.6066506505012512, 0.5168077349662781, 0.48350876569747925, 0.4576108455657959, 0.49362120032310486, 0.6437694430351257, 0.5018925070762634, 0.4956161379814148, 0.48253220319747925, 0.5166599154472351, 0.49274173378944397, 0.40472131967544556, 0.45318400859832764, 0.4701898992061615, 0.5208262205123901, 0.5446157455444336, 0.5728535056114197, 0.46206358075141907, 0.4833325147628784, 0.515440821647644, 0.44895491003990173, 0.7511264681816101, 1.0, 0.8053691387176514, 0.721227765083313, 0.6317375302314758, 0.6115052700042725, 0.6148627400398254, 0.4853004515171051, 0.5100377202033997, 0.5273057818412781, 0.5333150029182434, 0.5298648476600647, 0.46857866644859314, 0.5864406228065491, 0.5883898138999939, 0.38678470253944397, 0.4397442042827606, 0.5077338814735413], [0.5254083275794983, 0.5771488547325134, 0.5161976218223572, 0.4966445565223694, 0.4772769808769226, 0.48246198892593384, 0.569623589515686, 0.5053982138633728, 0.5260955095291138, 0.5188981890678406, 0.5170705914497375, 0.5105688571929932, 0.4150942265987396, 0.4971044063568115, 0.5273417830467224, 0.5443739295005798, 0.5276756286621094, 0.5947723984718323, 0.49884721636772156, 0.4154592752456665, 0.4148903489112854, 0.4134451150894165, 0.6774051189422607, 0.8053691387176514, 0.9999999403953552, 0.6414549946784973, 0.5975419878959656, 0.6173486709594727, 0.611107587814331, 0.47956398129463196, 0.5113451480865479, 0.5539416670799255, 0.5013083815574646, 0.5283899903297424, 0.43867242336273193, 0.524452805519104, 0.5243561863899231, 0.3926645815372467, 0.41781145334243774, 0.5346923470497131], [0.46040773391723633, 0.5495007038116455, 0.45922568440437317, 0.3926047086715698, 0.40573254227638245, 0.41338786482810974, 0.5454554557800293, 0.43835318088531494, 0.4364176392555237, 0.4124673902988434, 0.4451262056827545, 0.5329392552375793, 0.3471447825431824, 0.44226542115211487, 0.37580665946006775, 0.4480820298194885, 0.46023717522621155, 0.47225046157836914, 0.3792472183704376, 0.46365320682525635, 0.45999860763549805, 0.38892611861228943, 0.6790804862976074, 0.721227765083313, 0.6414549946784973, 0.9999999403953552, 0.6284689903259277, 0.6129206418991089, 0.6423232555389404, 0.4764614701271057, 0.530285656452179, 0.5155311226844788, 0.5916520357131958, 0.5307456254959106, 0.46768999099731445, 0.49546346068382263, 0.516149640083313, 0.3181939125061035, 0.4454658031463623, 0.5150474309921265], [0.5699387192726135, 0.7668928503990173, 0.4982913136482239, 0.4925995469093323, 0.5503817796707153, 0.5660867691040039, 0.6900786757469177, 0.5547807216644287, 0.6252834796905518, 0.5879622101783752, 0.6153037548065186, 0.6308111548423767, 0.5232250690460205, 0.6357918977737427, 0.5387900471687317, 0.509566068649292, 0.6118296980857849, 0.7118676900863647, 0.4881931245326996, 0.5506614446640015, 0.5422492027282715, 0.5239043235778809, 0.6972820162773132, 0.6317375302314758, 0.5975419878959656, 0.6284689903259277, 1.0, 0.8293133974075317, 0.7888908386230469, 0.47577571868896484, 0.5104139447212219, 0.5778933167457581, 0.4753023087978363, 0.46481025218963623, 0.5477875471115112, 0